120 120 10
111 112 113
5 135 8
255 255 255
192 192 192
128 128 128
0 0 0
255 0 0
128 0 0
255 255 0
128 128 0
0 255 0
0 128 0
0 255 255
0 128 128
0 0 255
0 0 128
255 0 255
128 0 128
217 189 238
182 149 228
144 81 131
92 139 100
162 95 35
83 75 133
50 191 189
238 115 239
74 87 121
168 124 227
57 94 174
99 5 221
180 151 208
70 56 194
145 127 88
202 144 233
20 30 40
100 110 120
150 165 180
200 210 220
230 240 250
190 45 223
128 55 221
79 87 209
102 31 194
230 14 224
79 242 187
235 194 29
67 100 20
203 169 231
138 45 110
-1 -1 -1
