2 2 5
5 0 1 3 5 7
5 0 2 4 6 8
3 3 8
6 0 1 2 3 4 5
5 0 6 7 8 9
4 0 4 5 6
4 25 11
10 0 1 3 5 7 9 11 13 15 17
10 0 2 4 6 8 10 12 14 16 18
7 19 20 21 22 23 24 25
2 19 18
4 25 11
10 0 1 3 5 7 9 11 13 15 17
10 0 2 4 6 8 10 12 14 16 18
7 19 20 21 22 23 24 25
3 10 7 19
4 25 11
10 0 1 3 5 7 9 11 13 15 17
10 0 2 4 6 8 10 12 14 16 18
7 19 20 21 22 23 24 25
3 12 13 19
10 55 75
11 2 10 18 33 44 57 59 71 78 109 118
9 1 2 6 22 36 50 68 100 117
4 2 5 45 80
6 0 15 29 37 61 123
7 2 10 20 27 37 42 45
5 4 28 34 60 110
8 1 18 27 33 55 78 92 97
2 1 30
7 3 18 36 48 74 104 107
9 0 7 17 31 49 62 75 77 78
10 50 10
10 2 11 19 23 25 39 61 63 72 120
8 3 4 16 34 51 55 90 105
8 3 13 21 24 45 57 85 140
8 0 15 19 33 46 63 81 85
8 2 4 21 30 50 60 80 90
3 4 5 39
11 3 14 21 29 39 45 52 60 86 101 124
2 0 30
5 3 22 57 62 124
6 2 8 9 10 44 99
10 50 10
11 0 5 14 27 28 34 38 40 59 74 115
8 3 21 27 34 50 63 76 134
9 3 6 16 32 46 56 59 98 129
4 3 45 56 74
8 0 4 8 10 39 46 61 74
10 1 2 12 25 28 45 55 80 92 121
11 3 8 11 19 30 46 53 68 71 88 117
6 2 14 22 36 59 74
9 0 5 9 11 35 55 76 107 136
5 4 20 37 58 67
10 0 80
6 4 24 44 60 62 76
6 2 14 22 39 71 114
10 1 5 13 16 33 43 49 65 80 110
5 1 5 48 89 126
5 2 3 47 58 94
9 4 5 15 32 53 57 63 78 98
6 2 28 56 79 93 139
10 1 16 17 20 31 46 51 67 99 137
4 0 14 75 128
9 4 8 26 36 50 56 72 92 129
10 3 99
15 4 14 15 23 32 37 46 57 67 80 89 96 98 102 114
86 2 3 4 5 6 7 8 9 10 11 12 13 14 15 16 17 18 19 20 21 22 23 24 25 27 29 30 31 33 35 36 38 39 40 42 44 45 46 47 48 50 52 54 55 56 58 60 61 62 64 66 68 69 71 73 75 76 78 79 80 81 83 84 85 87 88 91 93 94 97 99 101 103 104 107 110 113 116 117 118 122 123 125 129 137 149
80 2 3 4 5 6 7 8 9 10 11 12 13 14 16 17 18 19 20 21 23 24 25 26 28 30 31 33 34 36 37 38 39 40 41 42 43 45 47 49 51 53 54 56 58 60 61 63 64 66 68 69 71 72 73 75 78 80 83 86 87 89 92 93 96 97 98 99 102 106 107 108 111 114 115 118 122 124 131 139 144
2 1 44
38 1 3 7 11 15 16 18 19 22 25 28 29 33 35 38 40 45 47 50 55 56 57 59 65 68 69 71 73 80 82 88 94 103 107 114 116 119 134
42 0 3 6 7 9 12 15 16 19 21 25 27 28 31 34 35 38 40 42 44 46 50 55 57 62 64 65 66 67 70 73 78 84 89 93 101 103 111 115 117 124 139
63 4 5 6 7 9 10 11 13 15 16 18 19 20 22 23 24 25 26 27 28 29 31 33 35 36 39 40 43 45 46 49 52 53 55 56 57 58 61 64 67 68 69 70 74 75 78 80 83 87 89 90 91 96 98 99 104 106 107 114 120 121 132 144
53 3 4 6 7 9 10 11 14 15 17 19 21 24 27 30 31 32 33 36 38 41 42 44 46 48 50 51 53 56 57 61 65 69 70 71 73 77 80 81 85 90 93 96 99 101 102 107 109 113 115 118 129 130
87 2 3 4 5 6 7 8 9 10 11 12 13 14 15 16 17 18 19 20 21 22 23 24 25 26 28 29 30 31 33 35 37 39 40 42 44 45 46 48 49 51 52 53 54 55 57 59 60 61 63 65 66 67 69 70 71 72 73 74 75 76 78 80 82 84 85 88 89 90 92 95 96 98 99 101 103 105 109 110 111 113 118 119 125 133 136 146
6 0 5 40 63 78 102
5 20 30
30 0 5 10 15 20 25 30 35 40 45 50 55 60 65 70 75 80 85 90 95 100 105 110 115 120 125 130 135 140 145
30 1 6 11 16 21 26 31 36 41 46 51 56 61 66 71 76 81 86 91 96 101 106 111 116 121 126 131 136 141 146
30 2 7 12 17 22 27 32 37 42 47 52 57 62 67 72 77 82 87 92 97 102 107 112 117 122 127 132 137 142 147
30 3 8 13 18 23 28 33 38 43 48 53 58 63 68 73 78 83 88 93 98 103 108 113 118 123 128 133 138 143 148
30 4 9 14 19 24 29 34 39 44 49 54 59 64 69 74 79 84 89 94 99 104 109 114 119 124 129 134 139 144 149
9 0 149
30 0 5 10 15 20 25 30 35 40 45 50 55 60 65 70 75 80 85 90 95 100 105 110 115 120 125 130 135 140 145
30 1 6 11 16 21 26 31 36 41 46 51 56 61 66 71 76 81 86 91 96 101 106 111 116 121 126 131 136 141 146
30 2 7 12 17 22 27 32 37 42 47 52 57 62 67 72 77 82 87 92 97 102 107 112 117 122 127 132 137 142 147
30 3 8 13 18 23 28 33 38 43 48 53 58 63 68 73 78 83 88 93 98 103 108 113 118 123 128 133 138 143 148
30 4 9 14 19 24 29 34 39 44 49 54 59 64 69 74 79 84 89 94 99 104 109 114 119 124 129 134 139 144 149
2 145 1
2 146 2
2 147 3
2 148 4
2 1 2
2 1 149
2 2 149
2 1 2
3 1 10 149
3 2 10 149
8 10 20
11 0 4 19 32 41 51 68 86 101 119 122
3 1 41 121
6 2 7 11 14 31 33
11 1 5 17 28 43 59 71 87 95 117 129
6 0 10 13 44 85 122
9 3 20 33 45 64 78 87 107 110
9 0 10 22 31 32 42 74 87 110
11 3 16 24 38 47 58 61 80 91 110 133
6 100 50
3 2 59 76
4 2 20 50 103
6 1 25 34 58 75 108
8 2 17 22 36 55 79 100 120
2 1 4
10 0 1 18 20 24 32 42 49 63 65
9 5 95
3 0 2 45
5 0 33 38 73 110
9 1 12 29 45 57 66 67 86 133
8 1 19 27 41 60 74 96 128
10 2 7 18 24 42 60 74 95 114 128
7 0 5 23 32 53 87 108
4 1 19 71 104
4 2 30 79 132
7 3 24 30 37 56 65 72
10 1 100
2 1 140
2 140 2
2 5 144
2 2 141
2 3 142
2 142 4
2 4 143
2 143 5
2 141 3
2 144 100
5 25 44
50 0 3 6 9 12 15 18 21 24 27 30 33 36 39 42 45 48 51 54 57 60 63 66 69 72 75 78 81 84 87 90 93 96 99 102 105 108 111 114 117 120 123 126 129 132 135 138 141 144 147
50 1 4 7 10 13 16 19 22 25 28 31 34 37 40 43 46 49 52 55 58 61 64 67 70 73 76 79 82 85 88 91 94 97 100 103 106 109 112 115 118 121 124 127 130 133 136 139 142 145 148
50 2 5 8 11 14 17 20 23 26 29 32 35 38 41 44 47 50 53 56 59 62 65 68 71 74 77 80 83 86 89 92 95 98 101 104 107 110 113 116 119 122 125 128 131 134 137 140 143 146 149
2 0 2
2 147 148
5 0 8
50 0 3 6 9 12 15 18 21 24 27 30 33 36 39 42 45 48 51 54 57 60 63 66 69 72 75 78 81 84 87 90 93 96 99 102 105 108 111 114 117 120 123 126 129 132 135 138 141 144 147
50 1 4 7 10 13 16 19 22 25 28 31 34 37 40 43 46 49 52 55 58 61 64 67 70 73 76 79 82 85 88 91 94 97 100 103 106 109 112 115 118 121 124 127 130 133 136 139 142 145 148
50 2 5 8 11 14 17 20 23 26 29 32 35 38 41 44 47 50 53 56 59 62 65 68 71 74 77 80 83 86 89 92 95 98 101 104 107 110 113 116 119 122 125 128 131 134 137 140 143 146 149
2 111 10
2 91 62
0 0 0
