2
7 8 2 5 15 23 28 37 43 47 8 0 3 9 11 20 24 25
10 6 9 16 19 29 38 45 14 8 11 13 9 45
2
9 7 6 13 19 28 37 45 51 4 3 14 5 21 3 50
12 1 1 100
2
1 3 7 16 24 18 17 65
10 5 4 9 10 16 23 0 15 3 19 63
3
0 5 9 17 24 33 43 1 11 3 2 83
6 10 4 5 6 11 14 23 27 28 37 38 3 7 0 1 13 14 12 14 3 33
14 1 7 100
3
2 1 7 100
10 7 1 7 8 10 13 20 28 1 13 0 4 17 10 55
19 10 4 14 24 31 35 45 51 61 62 69 1 6 7 2 13 7 13 11 10 30
3
4 10 5 9 10 20 24 29 32 38 43 53 2 9 4 10 4 12 10 6 8 35
14 3 0 2 12 3 45 52
21 9 0 1 8 13 14 24 34 37 45 11 7 7 11 8 10 13 10 23
5
2 8 0 7 16 18 26 33 37 42 7 6 5 1 8 22 24 27
10 6 7 11 19 21 31 35 7 0 5 17 33 38
12 4 8 18 25 26 16 14 10 60
19 7 3 5 14 15 22 25 27 14 10 12 4 9 0 51
20 4 7 13 22 25 11 26 8 55
5
4 3 7 14 17 14 8 78
10 5 1 8 16 21 23 10 20 4 6 60
15 5 3 7 14 20 21 13 21 13 0 53
18 3 5 14 15 10 16 74
20 3 6 15 21 18 24 58
10
5 1 5 100
8 7 0 6 10 18 21 24 27 12 7 5 5 21 25 25
17 4 8 17 22 24 4 3 36 57
24 6 0 10 16 26 29 37 9 17 10 5 21 38
34 2 6 13 34 66
40 3 5 6 16 13 23 64
42 1 9 100
43 8 7 11 17 24 33 39 44 47 10 8 5 12 6 8 11 40
51 6 4 14 15 16 25 34 7 17 4 13 0 59
59 6 6 16 23 27 30 34 8 17 18 18 16 23
15
7 9 8 13 21 31 34 41 44 45 46 1 9 4 4 9 15 5 18 35
8 10 7 16 20 23 25 28 38 41 44 45 7 2 2 5 7 3 9 13 15 37
15 8 3 8 10 12 21 28 38 47 4 0 10 1 1 16 18 50
24 7 4 6 12 13 16 19 28 8 14 9 10 2 1 56
32 9 6 14 20 23 32 36 46 52 54 4 10 6 9 14 12 1 22 22
37 9 2 10 18 22 25 33 37 41 45 10 11 3 6 2 15 10 7 36
47 4 3 10 18 27 8 8 4 80
56 5 7 12 17 25 26 20 17 21 6 36
62 7 0 4 7 11 18 21 22 10 7 11 15 9 12 36
67 9 0 3 9 17 22 27 31 41 44 0 3 9 3 4 3 2 33 43
76 3 9 14 22 3 5 92
85 2 5 14 29 71
94 2 5 11 15 85
97 1 3 100
99 5 9 14 23 32 33 11 17 5 9 58
25
9 2 8 18 47 53
15 1 4 100
23 8 0 2 5 6 15 16 17 23 12 3 5 8 2 13 13 44
27 1 10 100
37 8 9 13 15 19 26 32 35 39 11 12 2 0 5 13 27 30
40 2 4 5 41 59
44 7 8 13 21 23 29 32 37 12 10 1 14 5 29 29
52 10 1 3 10 20 23 33 37 38 42 43 6 4 9 2 6 13 10 15 2 33
56 3 5 14 24 8 32 60
57 1 2 100
66 9 2 11 18 21 31 35 45 47 50 10 4 7 7 14 8 10 14 26
72 5 9 19 23 29 34 7 19 17 8 49
78 5 5 10 15 19 21 9 15 14 8 54
82 7 3 6 7 13 14 21 31 2 2 1 15 9 6 65
87 5 6 11 12 21 31 7 18 17 6 52
97 4 1 11 16 24 21 13 25 41
98 3 6 9 11 17 37 46
100 1 1 100
110 3 0 9 10 0 40 60
116 1 1 100
123 2 0 5 10 90
126 3 4 10 19 10 4 86
131 7 8 10 16 17 23 25 28 7 11 15 9 19 5 34
136 4 9 17 18 20 3 8 16 73
144 1 10 100
50
4 9 0 10 14 16 25 32 37 41 47 11 4 7 9 5 7 10 1 46
11 7 7 16 25 31 40 47 53 6 4 1 20 2 7 60
15 5 8 15 18 21 24 14 19 0 18 49
24 3 4 7 9 17 20 63
29 5 7 9 15 25 35 16 12 17 7 48
30 10 0 4 5 9 13 21 24 33 37 41 8 2 11 8 10 9 2 14 0 36
39 5 5 8 17 26 29 12 18 13 10 47
47 5 2 11 21 26 27 13 9 12 16 50
55 6 5 9 17 18 28 34 3 18 15 15 3 46
56 3 2 3 8 31 10 59
63 6 5 15 23 32 36 38 7 5 16 9 17 46
65 3 0 8 11 5 27 68
71 4 5 11 14 22 18 23 19 40
78 9 1 5 12 13 20 21 29 33 43 4 5 10 12 3 10 13 4 39
81 6 1 4 12 15 18 22 11 0 1 1 38 49
82 10 2 9 10 13 18 23 27 34 44 53 10 1 1 8 13 8 11 13 5 30
84 3 9 14 24 19 28 53
89 2 4 5 38 62
91 6 9 12 20 27 32 40 3 13 9 13 30 32
100 8 4 9 18 27 34 35 41 42 8 1 9 11 16 12 11 32
105 1 10 100
110 7 7 11 20 22 32 41 50 14 3 7 3 1 4 68
117 2 5 12 30 70
124 8 5 8 10 14 19 27 34 36 2 1 6 12 5 9 15 50
134 3 7 13 21 15 11 74
135 5 2 11 16 25 33 19 17 17 0 47
138 4 7 8 16 21 21 22 2 55
140 8 6 13 19 24 29 39 46 49 10 2 11 1 3 3 27 43
146 9 6 14 23 24 28 37 39 42 46 4 6 6 11 0 0 23 15 35
153 3 9 10 19 13 7 80
154 3 7 14 16 13 20 67
159 6 9 18 24 34 35 42 2 16 13 18 8 43
168 4 4 6 7 17 2 16 7 75
171 10 6 11 17 24 26 33 37 43 45 55 8 8 6 1 5 1 4 2 7 58
179 4 7 15 23 31 13 6 28 53
181 1 1 100
187 2 9 13 26 74
193 1 7 100
202 5 8 13 18 22 23 9 15 1 27 48
210 10 3 8 18 24 29 33 34 44 51 56 2 1 5 10 1 8 13 9 24 27
220 5 4 7 17 21 24 9 20 1 19 51
222 7 0 6 9 18 20 24 28 7 6 16 6 11 14 40
226 8 7 12 16 21 23 24 30 39 9 6 6 10 6 4 10 49
227 2 1 3 7 93
235 4 4 12 17 21 4 25 12 59
236 4 7 13 18 22 17 23 2 58
246 1 6 100
253 2 7 9 12 88
254 5 8 9 14 17 24 1 19 7 15 58
260 1 8 100
100
1 3 3 6 13 14 42 44
10 9 0 6 10 18 26 32 39 45 47 3 12 0 9 3 9 12 14 38
11 4 2 3 9 11 6 7 4 83
19 10 6 12 14 17 24 30 35 43 46 56 3 9 0 8 12 7 5 17 5 34
21 9 5 15 19 26 36 42 47 54 56 4 11 1 10 11 0 5 4 54
31 5 4 8 14 19 26 5 4 4 1 86
39 10 2 10 17 26 27 28 33 43 47 49 5 0 1 12 3 10 6 11 10 42
42 8 3 4 12 15 21 29 30 37 7 9 0 12 3 18 18 33
43 5 8 11 16 22 23 3 0 16 3 78
49 2 8 12 12 88
53 4 6 8 15 23 11 5 19 65
63 6 0 10 16 26 31 39 16 11 0 10 24 39
73 8 4 11 17 24 31 39 49 57 9 3 3 12 3 4 18 48
79 10 0 8 10 20 23 30 31 41 45 47 1 7 8 12 4 11 9 13 16 19
87 8 7 10 13 21 22 24 25 33 12 10 11 5 6 3 19 34
97 5 8 10 19 28 30 2 23 8 20 47
98 2 1 5 19 81
101 6 9 13 19 27 34 44 5 10 13 3 22 47
110 4 1 7 11 13 15 7 33 45
117 9 0 6 10 14 18 28 34 38 45 7 2 2 14 6 13 13 21 22
121 10 9 13 22 25 32 34 39 45 46 55 0 3 9 3 8 3 14 9 16 35
127 3 9 16 25 9 4 87
134 3 4 6 7 15 40 45
142 5 7 15 20 26 28 15 11 2 17 55
144 10 0 7 11 14 18 22 29 38 44 54 8 3 1 1 13 8 5 1 17 43
151 9 1 6 8 16 22 30 39 45 48 1 7 9 2 16 8 3 27 27
153 10 0 6 13 20 24 25 31 37 45 49 1 5 11 8 8 8 4 5 8 42
154 10 7 8 17 25 32 39 46 51 60 61 6 8 8 3 10 9 8 9 3 36
156 7 7 9 18 24 27 36 40 2 12 10 17 9 13 37
164 10 4 8 18 25 31 39 44 52 57 60 3 4 1 13 2 12 13 0 6 46
165 4 5 12 19 25 8 24 13 55
167 8 4 9 15 17 23 33 37 43 7 0 7 14 16 10 9 37
175 1 4 100
182 2 8 12 23 77
183 5 7 16 18 22 32 5 5 24 22 44
191 10 9 11 20 25 34 44 50 56 64 66 1 10 0 0 11 5 2 8 27 36
197 6 0 4 9 10 11 12 12 8 7 15 14 44
201 2 7 8 45 55
208 3 0 10 19 18 40 42
210 7 0 2 7 9 12 14 21 11 14 7 11 18 13 26
211 9 0 2 8 16 23 29 30 39 48 11 11 1 4 11 15 10 2 35
214 2 9 13 3 97
215 2 8 14 27 73
224 5 4 12 20 29 30 7 8 22 11 52
229 9 5 6 10 11 20 27 32 37 39 2 11 3 13 12 14 2 6 37
237 10 9 19 28 37 40 41 48 57 58 67 4 4 3 1 6 12 7 0 30 33
238 4 0 9 18 20 4 3 11 82
244 4 0 5 15 22 7 5 4 84
246 9 4 12 13 23 31 36 44 53 60 11 5 8 3 0 7 10 23 33
252 7 3 13 23 31 36 42 48 13 9 7 0 11 18 42
260 10 3 8 12 18 24 34 44 48 50 56 10 9 1 7 12 8 9 13 1 30
267 2 2 12 21 79
274 7 3 4 5 8 9 18 20 9 11 4 0 24 1 51
284 4 1 9 16 25 18 11 15 56
293 4 0 6 9 13 24 0 2 74
298 5 3 9 13 16 22 4 17 9 7 63
303 7 7 10 16 20 23 27 37 14 2 0 18 18 13 35
304 1 3 100
310 6 9 11 12 18 27 37 14 11 3 23 21 28
317 4 2 3 11 19 21 20 18 41
318 8 5 12 14 23 25 27 31 34 12 1 6 9 13 9 21 29
326 1 5 100
327 9 3 8 18 20 21 27 35 43 47 1 1 13 8 3 0 3 0 71
335 1 7 100
341 3 8 17 18 16 32 52
350 3 7 11 16 18 2 80
355 3 3 5 7 2 28 70
365 7 9 15 18 22 28 31 40 4 2 8 1 0 8 77
372 7 1 8 11 15 19 21 29 1 15 1 1 25 8 49
382 2 3 4 40 60
389 1 7 100
392 7 4 8 18 21 30 38 47 6 12 1 6 12 14 49
401 5 2 12 13 16 26 1 19 18 26 36
411 3 0 4 12 3 30 67
415 7 6 13 16 22 25 35 45 1 4 11 13 17 6 48
416 3 9 17 23 26 23 51
423 1 9 100
425 7 7 10 20 30 35 38 39 3 1 4 7 5 8 72
434 4 0 6 16 19 18 3 4 75
442 7 9 12 16 19 26 30 37 7 7 16 13 13 18 26
451 5 4 8 16 24 26 17 15 7 21 40
461 10 6 10 11 12 22 30 39 47 55 64 8 2 4 0 10 13 9 11 3 40
465 8 4 12 19 22 30 33 39 46 0 11 4 15 17 12 19 22
470 8 9 11 15 17 27 30 35 40 10 6 8 0 10 3 20 43
474 2 5 7 0 100
480 1 10 100
486 7 9 10 13 18 23 32 39 2 6 13 6 16 17 40
487 1 5 100
488 9 5 10 13 20 22 32 38 46 53 9 6 8 11 11 7 2 16 30
492 10 1 7 8 14 17 20 28 34 35 44 4 8 4 8 7 8 9 0 24 28
500 7 3 9 17 23 33 37 42 3 8 8 16 21 20 24
506 4 8 15 22 27 0 23 24 53
507 2 1 5 30 70
514 8 6 8 14 18 23 26 28 37 9 7 0 1 12 18 24 29
519 2 1 2 28 72
529 3 3 13 22 9 39 52
534 1 10 100
535 6 0 2 4 11 21 27 15 11 2 7 19 46
539 5 5 7 11 13 14 11 11 15 25 38
542 8 7 13 20 21 28 34 35 43 0 8 3 12 18 6 12 41
1000
9 8 5 14 15 20 22 28 37 38 8 10 9 13 1 6 10 43
17 6 2 3 6 10 16 17 10 5 6 1 12 66
18 4 0 7 13 22 7 23 15 55
23 7 1 9 19 23 24 34 37 8 7 12 5 12 20 36
27 5 8 9 19 25 33 8 16 18 16 42
32 2 8 9 7 93
42 5 3 10 17 25 35 19 18 5 1 57
49 1 7 100
56 10 8 11 20 22 30 39 40 48 57 65 10 4 0 3 13 10 5 3 12 40
62 5 0 4 8 18 26 9 5 11 27 48
67 9 2 10 17 27 32 36 43 48 50 6 2 5 5 16 10 8 3 45
76 3 9 13 20 32 16 52
82 7 3 7 16 26 36 39 48 1 7 8 14 7 5 58
92 6 2 6 8 13 23 27 0 5 1 30 23 41
99 7 4 6 15 17 26 36 45 9 4 9 12 19 16 31
105 5 1 9 13 18 28 15 20 13 25 27
113 8 3 9 11 17 27 36 41 45 12 12 4 1 13 13 5 40
117 4 5 15 19 26 23 9 19 49
122 3 9 18 28 7 40 53
132 8 0 6 15 23 33 37 47 49 4 3 12 6 10 7 1 57
142 1 3 100
143 5 3 8 14 16 26 19 1 23 9 48
146 10 1 2 6 14 17 26 30 35 37 39 5 10 10 6 1 10 4 17 6 31
152 6 8 10 14 23 33 38 3 15 8 3 3 68
161 5 3 13 19 21 23 5 15 2 32 46
164 8 2 4 5 8 18 19 28 36 10 0 15 15 4 18 2 36
172 10 6 7 16 26 31 37 41 42 50 52 3 8 3 12 3 10 2 10 19 30
182 3 6 9 12 6 8 86
187 10 2 10 20 29 35 44 54 58 59 61 2 4 7 10 1 8 10 19 10 29
191 5 7 8 18 28 36 14 16 2 12 56
193 6 3 5 10 15 22 32 9 14 2 9 26 40
200 2 8 14 15 85
203 7 1 6 14 15 21 27 29 9 6 17 3 18 0 47
205 7 6 12 15 19 25 26 27 6 10 10 2 3 20 49
209 1 8 100
218 7 8 11 13 18 23 28 29 8 1 14 9 1 8 59
221 1 6 100
226 9 3 12 20 29 33 34 43 48 56 4 9 5 4 9 7 16 21 25
230 3 7 13 18 25 15 60
238 9 0 10 19 24 32 38 42 48 52 5 2 12 1 12 10 13 12 33
248 5 5 8 12 15 24 13 11 23 7 46
252 9 6 12 20 24 34 43 45 46 48 9 10 0 9 14 4 13 3 38
261 6 5 13 15 18 25 29 15 15 7 16 4 43
265 10 1 2 5 14 15 22 32 37 39 49 9 10 10 8 8 11 1 10 5 28
269 4 1 2 8 14 17 24 26 33
277 1 9 100
285 4 7 15 25 33 5 29 9 57
290 10 7 13 21 27 32 38 42 50 57 62 1 10 3 4 11 7 15 1 20 28
291 7 1 10 15 18 21 24 27 8 8 12 4 0 15 53
301 3 9 13 21 32 8 60
303 4 9 12 20 24 14 5 23 58
310 7 8 10 12 22 32 37 40 3 12 2 6 5 28 44
312 8 4 9 14 15 17 27 31 35 7 8 13 9 8 10 20 25
318 1 8 100
328 4 0 3 13 21 22 7 13 58
329 9 3 8 11 12 16 22 29 34 42 5 3 9 8 12 5 7 11 40
339 9 8 11 21 23 27 32 37 43 52 2 10 8 2 7 10 12 2 47
344 8 6 11 13 23 33 34 37 46 5 12 9 12 8 10 21 23
347 4 7 12 17 26 17 15 23 45
357 5 9 14 17 23 32 13 17 14 14 42
365 6 1 3 9 19 21 31 16 11 15 12 21 25
366 9 5 11 17 20 30 32 42 51 53 6 7 8 1 10 10 4 22 32
367 1 1 100
376 2 0 5 49 51
385 3 1 2 10 7 0 93
389 1 4 100
391 5 9 11 15 21 24 10 18 5 16 51
399 4 6 9 18 22 10 17 24 49
407 5 2 10 14 17 20 1 4 6 40 49
411 1 1 100
415 1 8 100
418 3 7 11 16 4 6 90
425 6 2 7 10 17 18 26 6 8 3 12 20 51
434 3 7 15 23 31 7 62
443 3 6 9 13 21 12 67
448 2 1 4 42 58
453 8 1 10 14 18 28 32 37 43 5 2 2 10 0 21 18 42
461 3 8 11 15 15 17 68
464 4 7 17 23 30 9 7 41 43
470 1 10 100
473 9 9 19 26 33 41 44 50 55 58 7 8 4 8 2 12 16 10 33
478 1 3 100
483 10 9 15 24 34 41 49 56 61 67 72 8 6 1 8 12 0 12 13 19 21
490 2 3 13 30 70
493 7 5 7 12 22 28 38 40 6 3 1 6 15 2 67
496 7 9 12 20 30 35 36 38 8 4 9 12 15 1 51
506 6 9 18 26 30 37 46 6 10 3 26 7 48
514 3 7 16 17 17 25 58
516 5 4 8 11 16 24 7 23 16 16 38
525 3 5 13 15 33 3 64
529 2 3 10 4 96
532 5 2 9 10 18 21 2 21 7 19 51
536 7 0 8 18 27 33 41 49 11 5 15 16 10 8 35
543 8 0 3 8 15 18 28 34 40 5 0 5 6 10 13 8 53
549 5 7 8 10 19 29 15 14 17 0 54
551 1 7 100
555 8 7 13 16 23 26 30 39 44 3 11 9 10 8 9 17 33
561 5 0 5 14 17 18 15 2 26 8 49
571 5 5 15 16 23 30 13 13 18 25 31
578 5 4 6 12 18 22 5 5 8 9 73
582 6 4 9 16 24 28 33 9 11 17 10 22 31
584 7 8 13 17 25 33 34 40 8 13 11 2 4 0 62
592 2 1 9 48 52
600 1 8 100
603 9 0 7 11 15 16 20 30 37 47 2 2 8 1 12 15 1 21 38
611 3 0 7 8 23 37 40
618 3 2 11 18 3 11 86
620 8 3 9 13 23 33 42 48 56 4 0 9 2 10 14 0 61
624 3 7 13 18 6 33 61
633 6 9 18 25 32 37 46 13 16 9 0 11 51
643 7 8 13 14 17 21 27 32 4 11 11 17 14 16 27
649 8 7 17 19 25 33 38 40 47 11 8 13 1 9 18 13 27
657 5 9 13 20 24 27 11 8 16 14 51
662 5 4 13 21 24 30 9 5 27 9 50
670 8 9 14 24 31 41 44 54 60 2 1 1 11 20 20 22 23
673 9 4 5 8 18 21 23 25 33 40 8 6 3 8 12 11 16 1 35
674 3 8 16 22 25 15 60
676 9 8 11 12 22 23 31 38 48 57 7 3 2 1 2 7 6 9 63
681 1 2 100
691 8 7 15 19 28 34 38 41 44 1 12 14 7 6 5 12 43
695 1 4 100
699 10 9 10 12 22 29 37 43 44 49 59 1 5 8 1 13 1 14 18 0 39
703 9 8 11 12 22 26 31 38 47 57 9 9 10 10 6 7 1 10 38
705 10 5 11 14 24 33 37 45 48 52 59 3 10 2 7 10 3 7 9 23 26
715 1 5 100
723 8 8 14 19 28 36 39 43 49 10 0 5 7 18 1 3 56
725 3 2 8 10 8 18 74
729 3 7 12 13 6 24 70
737 6 2 8 13 23 33 38 12 1 16 20 6 45
742 5 3 8 12 22 24 7 18 21 2 52
744 10 2 9 10 11 17 27 34 36 44 53 6 1 3 8 4 12 4 20 19 23
754 2 2 9 42 58
763 6 6 11 21 29 31 40 8 5 9 0 4 74
768 5 6 13 17 20 23 4 3 22 23 48
770 4 4 10 16 19 21 19 4 56
778 1 2 100
786 5 7 8 17 25 26 8 18 15 22 37
794 8 1 3 13 22 28 36 39 42 12 11 0 4 17 6 10 40
803 8 7 8 9 11 15 17 22 23 8 4 6 14 10 13 7 38
805 5 7 11 17 25 31 9 4 6 12 69
809 7 6 12 20 21 25 31 38 12 0 11 3 2 1 71
814 6 3 8 11 15 19 21 4 18 12 8 7 51
815 4 3 5 6 14 10 3 41 46
823 4 6 9 10 18 5 20 13 62
825 7 8 9 13 22 29 34 40 8 10 16 4 9 25 28
829 5 3 6 12 21 22 19 12 5 15 49
833 1 4 100
837 8 1 11 18 20 29 37 43 51 8 11 1 8 12 11 10 39
841 2 5 9 11 89
846 3 3 13 23 13 40 47
854 1 7 100
864 1 9 100
873 8 1 2 11 15 19 25 31 37 1 14 4 2 2 8 0 69
875 7 6 10 19 25 30 38 47 6 8 16 1 21 3 45
880 7 6 10 11 18 27 33 37 6 5 17 14 16 13 29
882 7 5 15 18 22 27 35 38 7 5 3 13 5 32 35
887 2 5 7 44 56
892 7 5 8 11 12 15 22 31 2 9 2 21 10 20 36
898 9 7 15 24 30 38 45 55 60 64 6 6 11 3 14 12 11 16 21
905 4 9 11 13 14 22 0 34 44
910 2 7 8 21 79
917 1 6 100
926 9 9 11 21 24 33 39 41 46 52 2 10 1 3 12 17 11 14 30
931 2 4 5 13 87
935 9 0 9 18 28 33 35 44 46 56 6 9 12 11 7 13 12 1 29
939 1 4 100
945 8 1 7 16 18 28 32 40 45 3 5 2 6 18 0 19 47
947 7 8 14 23 33 39 40 46 0 15 0 8 9 20 48
952 10 4 8 18 23 24 32 35 43 44 49 9 9 1 10 9 7 13 14 1 27
954 7 7 15 24 30 36 41 50 0 1 14 13 21 0 51
964 1 1 100
969 3 5 8 15 31 28 41
974 1 1 100
981 4 7 10 14 23 9 20 0 71
983 8 1 5 12 17 20 26 34 36 6 9 10 13 5 11 19 27
985 1 10 100
991 1 4 100
998 10 3 11 20 25 29 31 39 45 53 54 6 5 7 7 12 1 12 11 7 32
1001 6 4 11 17 23 26 28 8 14 16 2 11 49
1003 9 7 14 20 22 29 37 47 48 58 4 6 2 9 11 17 0 19 32
1008 4 0 3 7 9 7 30 31 32
1011 4 2 12 13 23 11 10 2 77
1013 7 0 10 14 18 26 32 36 6 9 12 15 7 9 42
1021 9 2 7 11 19 26 29 37 42 52 1 9 5 10 14 15 13 2 31
1025 7 3 13 21 22 30 34 43 5 11 14 2 15 6 47
1028 7 5 13 16 21 30 40 44 12 10 3 13 16 19 27
1037 10 1 9 15 17 19 28 35 43 44 51 3 7 9 4 0 10 2 7 28 30
1042 6 2 8 15 22 27 34 0 13 2 8 24 53
1052 4 8 14 24 32 0 0 40 60
1060 4 4 13 16 21 8 28 28 36
1065 1 4 100
1072 1 2 100
1082 2 9 16 10 90
1091 3 0 9 17 14 28 58
1093 9 1 6 16 26 34 37 39 47 57 10 10 8 4 11 11 6 16 24
1100 2 9 13 18 82
1110 6 0 8 11 18 19 29 7 13 19 0 18 43
1114 1 2 100
1116 5 4 13 23 30 39 19 12 20 7 42
1117 9 9 18 20 30 35 40 41 43 45 10 6 5 5 8 7 5 15 39
1119 3 3 4 13 13 4 83
1129 9 5 14 17 24 25 29 30 35 38 3 7 1 6 2 7 5 11 58
1135 3 3 10 17 20 25 55
1136 1 6 100
1138 9 9 12 16 23 29 34 42 43 45 11 9 1 12 8 2 12 9 36
1148 3 9 12 22 18 2 80
1154 4 1 6 15 23 8 14 10 68
1163 10 9 18 22 23 26 27 29 30 38 44 1 8 0 13 0 5 0 12 14 47
1173 5 0 10 19 24 30 7 5 11 30 47
1176 9 4 5 15 18 23 33 43 45 53 0 12 3 6 7 2 23 17 30
1184 2 0 3 40 60
1185 2 6 7 0 100
1189 2 2 8 16 84
1196 6 5 12 16 21 27 32 5 15 1 24 11 44
1204 10 9 12 21 26 27 35 45 54 55 65 1 11 5 9 0 14 8 13 7 32
1214 3 6 10 20 22 11 67
1215 9 9 17 21 23 26 27 32 41 42 10 2 2 12 6 16 2 24 26
1217 3 8 17 19 29 7 64
1225 6 6 9 19 21 28 34 0 20 13 6 22 39
1235 1 8 100
1238 3 1 2 10 13 25 62
1248 9 7 16 25 33 37 46 48 56 64 10 11 0 12 0 16 13 11 27
1258 8 1 5 11 21 28 37 43 44 12 5 11 13 7 15 12 25
1266 2 4 11 39 61
1267 3 2 5 15 5 42 53
1274 1 6 100
1284 3 6 9 11 31 25 44
1290 2 1 3 23 77
1296 7 9 19 28 29 38 47 51 8 0 5 6 26 9 46
1297 5 6 13 18 24 27 1 18 13 11 57
1304 5 2 8 10 13 17 13 12 12 16 47
1307 7 4 12 16 22 31 36 37 4 5 17 10 13 22 29
1313 2 6 11 20 80
1321 3 4 6 9 4 30 66
1331 3 1 4 10 6 11 83
1332 9 4 10 14 20 28 30 36 46 53 10 0 9 10 11 11 3 20 26
1334 1 7 100
1338 4 8 12 19 26 9 6 3 82
1339 6 4 7 16 20 29 37 3 15 4 5 18 55
1348 4 9 10 17 26 8 13 26 53
1357 1 1 100
1364 1 1 100
1369 4 7 14 15 25 22 17 24 37
1375 4 9 11 20 25 1 33 27 39
1376 9 4 5 14 24 27 33 39 47 55 0 8 8 5 14 4 11 9 41
1383 6 3 10 13 19 23 30 3 6 22 8 29 32
1393 8 7 9 16 20 23 27 37 41 4 5 3 2 9 13 32 32
1397 9 9 17 23 25 31 33 34 40 45 6 7 1 14 1 12 13 22 24
1398 5 0 5 10 18 25 0 18 10 10 62
1404 5 1 9 12 14 21 19 0 11 28 42
1409 3 3 9 12 9 41 50
1410 1 6 100
1418 4 9 17 25 29 19 20 19 42
1420 7 5 11 16 25 26 33 39 2 15 5 12 3 25 38
1427 4 6 15 24 33 24 2 24 50
1430 6 6 14 17 22 27 30 0 5 10 20 18 47
1436 4 6 9 15 21 14 20 6 60
1440 4 1 10 19 23 25 8 33 34
1443 3 7 14 21 22 30 48
1451 8 3 10 19 23 33 39 40 49 0 4 6 12 5 8 11 54
1458 3 0 8 10 27 5 68
1461 4 2 8 17 26 24 23 2 51
1471 8 5 10 16 19 22 31 33 42 0 1 1 13 14 16 2 53
1481 10 6 9 14 17 26 29 33 39 42 47 6 8 0 11 0 7 8 11 1 48
1485 10 6 8 9 11 15 25 26 34 40 43 1 3 4 12 7 0 2 4 33 34
1490 6 9 18 20 21 30 40 2 1 16 4 29 48
1494 4 0 8 13 17 5 8 21 66
1504 2 1 10 8 92
1508 5 8 16 21 22 27 18 16 2 16 48
1516 7 0 9 14 21 24 26 34 9 9 14 9 1 5 53
1525 7 9 16 18 22 28 30 40 1 14 15 7 9 6 48
1532 10 6 11 19 20 25 31 38 46 54 55 3 7 10 10 7 10 10 2 4 37
1537 1 6 100
1546 3 5 9 10 2 26 72
1552 1 5 100
1558 4 4 13 14 24 24 17 2 57
1563 6 3 9 12 18 21 30 15 17 9 0 29 30
1569 2 4 8 32 68
1573 7 7 16 24 29 30 33 42 7 14 11 17 3 8 40
1579 8 6 7 14 16 25 34 44 48 10 0 2 14 2 2 32 38
1588 1 6 100
1595 10 5 13 19 24 26 36 37 40 44 53 8 6 5 3 12 10 14 13 13 16
1603 7 2 4 10 13 21 25 28 9 6 3 6 1 19 56
1604 7 0 2 12 22 24 28 36 13 8 14 11 15 18 21
1606 9 2 7 9 13 19 20 21 31 34 0 11 12 6 14 7 9 6 35
1608 3 7 17 23 4 37 59
1617 8 8 13 22 27 29 38 47 48 7 10 9 1 18 11 18 26
1626 4 2 3 13 16 19 6 10 65
1631 2 4 6 26 74
1638 7 6 13 14 23 29 31 34 7 5 10 11 15 22 30
1642 7 9 19 25 31 34 39 46 2 5 0 3 11 27 52
1644 10 5 13 20 25 34 35 44 49 52 60 0 7 9 11 0 7 14 6 12 34
1646 2 7 13 38 62
1654 2 6 16 44 56
1660 6 7 13 22 28 33 34 15 7 7 5 13 53
1668 8 0 5 15 23 29 32 41 42 5 6 3 10 12 17 6 41
1669 1 3 100
1675 10 2 3 6 15 20 21 26 32 37 41 6 6 0 7 13 13 3 17 15 20
1677 1 3 100
1678 7 5 11 15 21 24 26 34 7 7 2 0 25 15 44
1687 10 6 7 11 18 20 30 35 36 39 46 0 7 1 9 5 12 11 8 18 29
1697 1 7 100
1701 7 4 5 13 23 31 38 47 0 12 16 11 18 20 23
1706 10 9 10 19 26 30 37 46 56 65 67 7 9 6 5 8 13 13 13 10 16
1713 4 3 7 16 25 15 18 19 48
1715 9 2 9 14 15 20 25 26 33 34 0 4 8 0 3 21 3 11 50
1716 5 8 9 13 17 19 19 17 7 21 36
1721 7 9 16 22 25 26 34 40 2 14 12 16 6 4 46
1724 8 6 11 16 21 29 39 43 52 9 7 7 8 0 21 10 38
1728 5 8 16 25 27 34 9 0 20 34 37
1737 7 5 9 17 21 29 34 35 8 7 15 11 6 18 35
1743 9 5 13 21 25 33 36 43 52 55 0 8 4 12 14 5 19 16 22
1746 4 6 16 20 24 14 17 13 56
1753 8 6 10 18 20 21 24 28 31 9 4 3 8 2 7 2 65
1762 10 4 5 14 18 20 27 37 44 50 51 8 1 8 0 10 13 5 5 23 27
1763 7 7 13 15 25 35 43 52 1 1 14 20 1 6 57
1773 3 9 17 19 16 16 68
1774 6 6 9 16 23 33 39 16 2 20 10 12 40
1784 2 0 9 18 82
1793 5 9 11 21 24 32 10 2 27 13 48
1795 8 6 11 20 24 32 41 50 59 11 3 9 3 18 1 27 28
1798 9 1 6 12 17 27 34 39 45 46 6 6 2 11 7 16 7 4 41
1807 3 5 6 16 2 44 54
1811 10 0 1 2 4 7 11 20 22 28 38 2 1 10 10 8 2 14 0 21 32
1815 1 3 100
1822 5 0 8 10 20 22 13 20 6 15 46
1830 3 7 10 19 31 15 54
1834 9 7 12 20 21 24 26 29 37 39 10 6 0 9 12 0 14 11 38
1839 5 0 5 11 18 26 16 8 23 2 51
1845 6 7 9 10 13 17 20 3 5 5 21 13 53
1851 9 2 4 6 14 20 21 24 34 41 11 7 9 0 0 15 0 5 53
1856 3 0 2 11 8 4 88
1864 3 1 6 8 28 13 59
1865 3 4 14 15 26 13 61
1869 9 2 8 16 20 28 34 35 40 47 10 10 1 6 1 8 8 11 45
1878 1 7 100
1886 1 2 100
1892 4 5 15 22 32 22 6 23 49
1893 10 6 15 20 28 32 36 45 50 58 59 9 1 1 3 4 10 0 3 18 51
1896 10 1 7 12 19 26 27 28 30 38 42 6 3 3 2 13 0 12 3 16 42
1901 5 1 10 20 25 30 10 20 23 8 39
1902 5 2 7 8 18 28 18 3 8 5 66
1906 10 6 8 17 23 31 38 41 46 54 56 4 2 11 1 9 2 5 1 26 39
1916 10 8 12 18 19 27 31 39 46 51 61 8 5 2 7 9 8 13 0 16 32
1923 5 5 15 24 28 35 4 16 20 15 45
1928 2 4 14 25 75
1938 7 6 14 16 21 24 30 34 4 11 6 7 7 30 35
1945 9 3 9 16 25 29 38 43 46 47 8 9 6 0 10 7 16 8 36
1949 6 8 10 18 19 20 25 7 2 10 7 33 41
1952 1 10 100
1956 4 4 6 8 17 12 10 17 61
1960 4 1 8 12 14 18 14 19 49
1961 6 0 8 18 25 28 36 16 6 16 19 13 30
1965 9 4 7 16 20 24 28 35 41 47 5 9 3 9 5 11 0 20 38
1970 3 1 5 13 2 49 49
1980 5 2 9 12 22 29 20 1 1 34 44
1989 3 3 4 14 32 13 55
1995 8 5 15 21 27 31 32 36 45 9 2 8 13 6 19 17 26
1999 4 9 17 20 26 2 17 19 62
2001 7 9 12 18 20 26 33 41 9 14 5 12 16 21 23
2004 6 0 5 7 16 22 27 14 4 13 13 24 32
2010 3 4 6 10 18 10 72
2020 3 3 12 18 6 14 80
2030 8 7 17 24 29 39 43 52 58 9 12 2 12 0 1 23 41
2039 6 0 2 9 13 18 23 9 2 11 18 8 52
2047 7 9 12 20 26 34 40 43 5 4 18 1 20 11 41
2049 6 7 10 20 23 26 27 0 16 21 21 2 40
2056 2 7 16 31 69
2066 7 4 5 12 22 29 33 39 5 0 6 12 10 3 64
2072 1 8 100
2073 7 4 7 9 19 29 36 37 1 6 15 14 5 14 45
2078 5 5 13 14 18 21 11 3 5 16 65
2084 9 1 8 17 27 33 36 45 51 55 11 3 11 9 8 9 3 22 24
2088 4 8 17 18 24 19 15 22 44
2098 7 9 18 27 37 39 42 49 1 11 9 8 20 25 26
2106 7 5 9 12 15 18 21 31 7 2 6 13 10 18 44
2111 7 3 12 19 21 31 36 41 0 6 11 7 22 2 52
2113 4 2 3 11 16 7 1 30 62
2121 2 5 13 20 80
2124 1 10 100
2133 10 6 14 20 29 37 47 48 51 61 63 5 0 6 8 11 2 8 10 21 29
2139 5 5 8 10 20 29 20 12 18 16 34
2148 7 3 11 19 25 32 38 44 3 13 9 5 15 3 52
2155 3 4 11 20 8 1 91
2156 8 4 8 15 24 31 39 49 51 1 10 6 1 9 19 4 50
2158 8 3 10 12 15 24 30 36 44 11 12 11 9 3 16 12 26
2164 3 8 16 24 12 30 58
2172 3 6 9 19 24 6 70
2179 6 3 12 14 24 28 30 8 16 19 5 5 47
2186 2 5 14 46 54
2196 2 6 8 1 99
2198 6 5 10 15 20 25 35 7 16 5 14 28 30
2200 2 9 13 31 69
2202 10 3 11 15 17 23 28 34 40 42 43 1 2 3 11 2 0 20 11 9 41
2206 1 5 100
2211 10 4 10 17 23 24 25 26 27 32 36 0 9 1 11 10 3 10 13 4 39
2219 5 8 9 15 17 23 15 7 3 28 47
2222 3 2 3 9 14 8 78
2232 3 3 12 20 30 6 64
2235 8 1 5 9 13 22 23 24 29 0 1 8 3 10 1 5 72
2241 7 5 8 10 12 17 25 34 14 8 0 6 24 24 24
2244 6 0 3 10 17 20 25 3 8 4 10 37 38
2245 10 3 4 14 20 23 31 35 40 44 51 2 3 10 10 6 13 7 12 11 26
2249 5 1 4 11 12 17 9 16 17 8 50
2252 2 1 10 11 89
2257 7 9 19 24 26 35 45 49 13 11 15 5 13 3 40
2265 7 7 9 13 23 27 28 38 3 3 5 15 16 25 33
2269 5 5 11 14 24 31 15 9 3 35 38
2276 7 1 8 10 16 23 27 36 13 1 11 16 11 23 25
2285 2 8 10 32 68
2290 10 6 14 17 26 28 31 36 46 52 58 3 10 2 11 7 3 10 10 1 43
2298 2 2 3 30 70
2305 7 6 10 18 24 28 34 36 8 13 12 6 8 12 41
2312 4 0 4 10 11 8 12 36 44
2320 6 7 12 13 23 32 40 8 7 20 6 9 50
2330 1 4 100
2331 8 1 3 5 9 12 15 24 29 8 13 6 6 2 12 16 37
2338 10 7 12 22 32 38 43 52 54 59 69 8 1 0 4 12 8 8 13 15 31
2348 8 0 4 5 13 23 30 34 36 10 6 14 12 7 15 18 18
2349 3 0 7 16 6 13 81
2355 5 5 14 22 25 29 10 17 2 11 60
2364 1 10 100
2374 1 1 100
2382 4 1 7 17 20 2 19 7 72
2387 9 1 9 13 17 19 20 22 31 32 6 2 6 4 12 13 9 5 43
2394 3 7 9 17 30 27 43
2403 4 8 9 19 23 5 20 2 73
2406 2 4 13 24 76
2415 7 1 10 15 25 30 39 41 11 13 11 5 7 23 30
2417 6 5 9 10 14 19 26 2 12 1 8 24 53
2418 9 0 9 17 21 30 38 48 56 66 0 6 11 5 1 10 9 0 58
2422 8 3 8 15 18 23 27 29 34 12 1 7 0 13 11 16 40
2428 7 3 10 15 19 29 39 48 3 15 16 15 3 13 35
2434 4 2 3 11 15 9 14 9 68
2435 4 7 9 19 23 5 18 1 76
2438 5 2 5 13 23 29 0 16 14 34 36
2443 3 9 13 23 27 34 39
2449 3 1 8 13 17 20 63
2457 8 6 15 23 30 37 46 48 56 2 14 12 14 4 7 21 26
2462 1 7 100
2469 6 8 10 14 19 28 32 2 9 19 13 11 46
2473 6 5 13 22 23 25 26 3 12 11 19 21 34
2480 4 3 12 16 18 20 11 23 46
2481 10 7 14 19 21 31 33 36 42 46 56 9 7 9 1 1 5 7 1 20 40
2486 5 6 14 18 24 25 18 0 10 28 44
2489 1 6 100
2495 1 6 100
2502 5 5 10 18 23 29 17 9 23 14 37
2510 3 9 11 20 19 3 78
2518 2 6 12 15 85
2525 9 0 5 9 16 18 23 29 30 39 0 12 9 10 7 10 13 16 23
2528 4 9 19 28 37 5 14 30 51
2537 8 8 13 17 27 32 34 43 52 10 11 10 9 5 4 12 39
2546 7 3 6 16 25 33 41 47 1 6 1 16 11 2 63
2550 9 2 7 14 23 33 36 43 50 58 3 10 7 12 1 15 6 6 40
2557 2 5 15 3 97
2564 4 8 14 18 20 18 16 8 58
2570 2 2 5 14 86
2573 2 2 5 17 83
2575 6 4 5 9 18 25 33 10 6 10 4 24 46
2578 7 5 8 18 28 33 36 44 7 7 8 12 7 27 32
2580 1 10 100
2585 4 5 15 17 18 8 19 12 61
2590 4 7 17 24 31 15 21 14 50
2591 10 4 12 17 26 28 33 41 42 45 47 1 2 5 1 14 6 11 13 5 42
2600 8 2 5 7 13 21 23 28 35 7 12 6 3 2 1 32 37
2607 3 2 8 17 2 32 66
2614 9 3 8 12 19 26 29 31 32 38 10 4 10 0 7 7 20 16 26
2618 1 6 100
2625 6 6 10 17 22 25 32 14 0 10 18 3 55
2633 6 2 6 9 13 17 18 3 10 20 13 5 49
2639 9 1 3 7 9 11 17 26 34 35 4 5 4 2 1 17 12 13 42
2647 3 7 14 23 19 3 78
2649 9 9 19 24 28 36 46 52 62 65 6 8 11 2 9 11 9 13 31
2659 2 1 8 11 89
2664 3 9 10 11 8 37 55
2673 10 6 7 11 20 28 34 41 43 51 55 3 8 8 11 1 0 3 20 8 38
2674 2 1 8 13 87
2680 2 7 12 17 83
2682 3 8 16 20 10 38 52
2691 9 1 9 16 26 31 36 43 47 49 0 1 6 5 10 14 4 29 31
2694 3 5 11 21 25 29 46
2702 9 4 6 15 25 30 33 38 45 50 5 4 12 12 6 12 10 5 34
2706 10 2 9 17 19 25 26 30 40 48 51 6 2 6 4 11 13 12 14 7 25
2716 8 4 5 7 15 22 28 29 32 2 14 4 16 16 0 6 42
2723 1 8 100
2725 1 4 100
2733 3 6 15 19 31 33 36
2740 10 6 16 23 30 34 40 46 51 56 64 10 0 10 2 8 6 4 4 2 54
2745 9 5 9 16 26 34 41 44 50 51 7 2 9 2 12 0 16 14 38
2748 4 4 11 20 24 4 27 30 39
2755 1 4 100
2763 7 0 9 15 19 26 28 29 12 12 5 7 18 6 40
2771 7 8 15 24 26 31 37 47 4 3 16 18 4 11 44
2776 10 3 13 22 26 30 38 48 51 58 65 7 9 4 6 3 2 1 4 19 45
2782 9 4 13 16 21 28 36 39 46 55 9 6 4 11 10 13 11 10 26
2789 8 2 6 15 16 21 28 35 38 1 4 15 16 5 2 0 57
2797 10 3 6 13 14 19 24 34 43 44 51 2 8 9 5 11 6 1 5 16 37
2805 9 5 15 16 18 22 29 39 48 49 9 1 9 10 9 15 13 0 34
2806 6 4 6 11 19 28 30 7 17 16 20 18 22
2815 4 9 19 25 32 22 15 20 43
2820 2 4 11 33 67
2829 5 3 12 19 26 29 9 20 0 33 38
2837 6 1 2 3 4 6 11 11 9 12 0 28 40
2839 8 6 15 21 25 29 30 32 35 5 12 3 3 13 8 21 35
2845 6 2 11 15 16 22 27 10 4 6 8 30 42
2855 2 9 14 35 65
2861 1 8 100
2868 1 7 100
2873 6 0 7 17 23 24 33 1 5 4 14 30 46
2878 9 6 13 20 23 26 36 39 45 52 5 11 4 4 8 14 15 4 35
2884 10 6 9 18 19 26 32 35 44 46 54 9 0 10 3 11 1 13 9 0 44
2890 10 8 14 19 28 34 36 43 52 62 65 3 3 11 5 3 7 2 10 9 47
2897 6 6 9 17 21 28 32 3 4 12 16 23 42
2900 6 1 7 11 14 21 31 10 16 0 17 19 38
2901 2 4 9 0 100
2911 7 3 10 17 19 25 33 35 8 3 5 0 26 3 55
2916 6 0 4 13 14 15 16 14 12 4 5 17 48
2926 3 6 16 25 6 5 89
2932 9 4 8 12 19 21 28 29 31 34 1 12 8 8 14 7 5 1 44
2941 8 5 9 10 18 20 23 30 36 3 5 3 14 6 17 23 29
2944 10 6 16 19 26 32 39 45 49 54 59 6 2 5 0 8 4 13 14 22 26
2954 9 7 9 19 25 33 38 43 46 47 8 4 1 8 6 10 18 22 23
2963 10 0 10 14 21 27 31 34 43 48 51 4 8 3 11 2 5 12 3 25 27
2971 2 2 4 7 93
2976 9 0 7 8 14 23 27 36 44 45 11 3 0 6 6 13 12 9 40
2984 3 9 16 21 0 18 82
2994 9 2 11 14 20 25 33 34 38 40 11 4 0 11 6 4 8 22 34
2996 4 8 10 14 15 10 26 1 63
2998 5 6 16 25 26 33 8 12 8 11 61
3008 8 3 6 11 15 23 33 39 41 8 10 1 3 13 0 28 37
3011 8 8 10 18 28 34 44 50 60 4 7 12 14 5 14 10 34
3013 7 6 8 16 17 23 26 34 9 14 15 1 2 15 44
3020 7 7 12 20 28 34 44 51 6 1 0 5 26 10 52
3021 9 2 3 10 17 18 28 31 41 42 9 7 6 4 12 15 2 4 41
3023 3 1 3 6 6 42 52
3029 10 9 18 21 23 26 27 28 31 39 47 9 1 10 3 9 12 3 12 8 33
3032 8 2 11 18 26 31 35 37 42 7 1 2 9 19 3 4 55
3034 5 9 11 19 20 23 16 4 8 29 43
3035 5 3 10 11 17 27 6 5 2 23 64
3041 7 3 8 9 13 21 30 34 8 5 11 17 16 20 23
3045 3 2 3 12 9 26 65
3054 10 9 14 20 30 34 43 46 56 65 72 9 7 9 0 9 13 5 15 11 22
3061 9 8 12 18 27 29 31 41 45 54 4 2 6 11 3 4 22 10 38
3062 2 2 6 8 92
3063 7 4 12 15 25 26 36 40 6 5 4 16 8 12 49
3072 10 0 1 4 12 17 23 30 37 47 50 1 8 8 6 8 9 4 15 7 34
3079 6 5 8 14 15 20 22 3 10 4 4 30 49
3081 7 5 8 14 23 27 37 44 2 12 7 14 19 1 45
3090 5 2 8 10 16 20 2 14 4 23 57
3099 6 1 3 12 17 21 22 11 5 11 10 10 53
3109 2 4 9 25 75
3110 10 7 17 25 30 38 41 44 49 56 65 3 8 10 6 9 6 1 8 8 41
3113 10 0 5 8 18 20 29 32 34 43 53 8 0 11 0 11 7 12 7 12 32
3119 3 7 13 17 6 3 91
3120 6 8 10 11 19 28 33 4 9 8 15 1 63
3124 5 2 7 8 14 16 18 2 17 27 36
3127 9 4 10 13 19 25 35 41 43 52 11 10 0 13 5 15 10 6 30
3132 6 4 9 17 24 29 36 7 9 17 5 4 58
3142 1 8 100
3148 9 4 6 8 12 21 31 35 38 40 11 11 1 2 7 3 8 4 53
3150 2 3 4 48 52
3159 2 5 13 39 61
3169 6 1 6 15 19 25 29 6 14 7 5 13 55
3170 10 1 8 12 21 31 35 37 40 48 54 1 0 1 6 14 6 4 7 17 44
3174 9 2 11 21 23 28 33 38 40 46 4 1 5 12 2 18 8 13 37
3177 3 9 17 23 17 6 77
3182 10 9 13 22 23 30 31 41 42 45 54 9 9 4 11 6 2 6 6 17 30
3186 10 8 13 21 31 38 47 55 60 64 71 10 5 4 10 7 2 11 2 13 36
3193 9 5 8 11 20 26 35 45 54 64 5 7 7 3 0 9 14 2 53
3198 10 9 12 20 23 27 34 35 37 46 48 4 6 8 2 9 2 11 5 24 29
3199 4 0 4 11 21 23 18 12 47
3209 6 0 8 17 18 23 28 15 0 7 18 30 30
3216 10 2 7 9 12 18 27 34 41 46 56 10 0 7 8 12 2 10 10 1 40
3222 8 5 9 10 15 23 33 42 43 8 10 7 5 14 7 12 37
3232 10 4 7 15 17 26 28 37 42 52 54 1 2 4 0 0 10 0 12 33 38
3242 1 4 100
3244 6 1 6 14 23 31 33 13 7 1 10 0 69
3245 9 1 2 10 19 25 33 43 52 53 2 8 10 13 1 10 18 7 31
3255 5 1 2 5 15 16 6 8 20 9 57
3256 7 9 15 23 27 37 44 53 7 14 0 12 6 3 58
3259 10 2 11 20 27 35 42 47 48 50 53 8 7 8 10 1 7 10 13 7 29
3269 8 6 15 16 24 32 42 51 61 9 12 13 4 10 17 2 33
3270 9 8 15 23 24 30 33 34 42 49 1 11 9 9 13 4 13 12 28
3271 5 9 14 18 24 34 19 20 20 18 23
3278 6 9 18 24 26 29 36 9 17 14 1 22 37
3283 8 5 9 10 20 26 36 44 46 9 10 9 14 9 8 4 37
3287 3 7 14 23 24 13 63
3295 6 1 2 3 8 10 17 4 14 15 20 13 34
3299 1 7 100
3305 8 0 4 11 17 20 23 26 29 1 14 11 3 4 14 3 50
3311 2 8 10 40 60
3319 8 0 5 11 18 24 26 31 36 0 3 11 16 16 14 12 28
3322 6 9 10 18 20 24 27 10 15 3 11 18 43
3325 7 6 12 19 29 32 35 39 5 11 4 4 16 19 41
3327 9 0 2 4 7 17 19 27 30 38 5 3 2 11 11 17 16 9 26
3331 6 4 8 13 21 28 33 8 18 15 6 5 48
3340 4 1 8 14 21 4 21 2 73
3348 2 1 7 22 78
3355 6 4 7 13 17 24 31 1 8 6 3 36 46
3361 5 4 13 15 22 27 17 16 0 7 60
3370 4 7 12 19 23 13 1 5 81
3379 2 2 12 7 93
3382 3 7 12 20 5 24 71
3392 7 1 4 14 24 33 43 48 10 3 9 3 1 11 63
3402 1 2 100
3404 7 1 5 9 17 23 29 30 2 8 0 10 11 23 46
3409 10 5 15 25 34 42 50 58 66 70 74 6 8 10 9 1 0 8 9 4 45
3417 5 8 18 21 27 30 14 13 7 25 41
3427 10 0 5 10 20 29 38 40 47 48 54 6 6 7 11 5 12 12 2 0 39
3434 10 2 6 8 15 21 25 35 44 51 60 2 8 3 11 1 4 11 19 11 30
3437 1 8 100
3441 2 0 3 30 70
3446 9 8 14 22 31 32 42 43 52 58 3 0 0 11 6 7 10 19 44
3455 9 5 10 19 21 26 36 38 48 50 1 5 7 10 3 5 12 8 49
3462 9 0 10 20 22 30 37 39 45 52 8 6 5 3 1 19 1 0 57
3464 1 7 100
3467 9 4 9 10 16 19 27 33 42 51 3 9 8 2 9 14 9 9 37
3471 3 3 13 18 16 2 82
3481 7 1 8 15 21 25 33 40 13 6 9 4 11 26 31
3491 8 0 9 11 15 19 23 27 35 0 8 4 9 1 4 26 48
3495 8 2 8 18 25 35 36 44 47 3 1 2 16 4 21 3 50
3500 1 3 100
3506 6 8 17 26 31 39 44 5 8 10 2 27 48
3511 10 4 9 17 24 34 35 43 44 49 57 8 2 0 5 14 10 5 8 1 47
3519 2 4 12 41 59
3523 5 5 7 15 25 29 17 7 18 21 37
3533 7 8 15 24 28 29 30 31 11 11 5 16 15 7 35
3536 10 8 16 19 24 34 42 51 52 55 65 0 2 7 11 13 9 0 0 16 42
3537 7 8 17 25 28 34 42 44 1 3 16 3 12 7 58
3542 7 3 11 12 20 29 30 39 1 6 3 2 6 6 76
3545 3 7 8 14 20 26 54
3553 5 3 11 21 28 32 17 13 0 9 61
3560 2 1 5 25 75
3562 5 0 4 9 16 19 2 17 8 2 71
3566 9 7 11 17 22 32 36 38 43 51 5 4 8 3 6 3 22 10 39
3571 1 10 100
3581 3 1 11 16 25 17 58
3591 2 9 18 14 86
3597 10 9 10 15 17 24 30 36 43 44 49 1 1 4 2 9 11 11 1 22 38
3607 8 5 10 11 17 26 27 29 36 10 5 7 5 6 22 6 39
3614 6 1 8 11 16 22 28 13 2 3 0 32 50
3623 5 4 9 16 26 36 4 10 6 35 45
3632 8 7 15 23 28 32 40 44 50 0 11 14 9 14 14 2 36
3633 10 3 13 23 33 37 42 48 57 64 73 8 10 9 5 5 12 3 9 3 36
3641 4 3 6 15 24 15 11 28 46
3647 4 5 7 11 21 8 13 8 71
3655 2 5 13 49 51
3665 8 6 9 10 20 21 28 29 35 8 8 14 12 5 8 5 40
3674 1 7 100
3679 6 1 6 11 14 21 29 10 16 13 7 10 44
3685 2 3 4 16 84
3691 8 3 5 10 19 22 23 27 34 4 12 9 10 16 1 2 46
3698 6 8 11 15 24 25 26 16 16 14 4 10 40
3707 4 6 15 19 28 22 1 20 57
3708 3 5 11 12 12 24 64
3718 7 6 9 11 20 23 28 32 4 1 10 12 8 0 65
3725 2 1 3 50 50
3733 4 6 16 23 33 16 0 12 72
3734 8 4 13 20 24 28 33 39 44 11 7 13 9 11 4 6 39
3742 10 7 17 25 35 43 51 57 67 69 70 2 8 2 5 2 7 7 5 12 50
3751 10 4 14 16 20 23 26 30 31 39 45 6 8 4 6 1 3 8 3 25 36
3758 8 5 14 16 19 29 37 45 55 8 13 13 7 3 18 14 24
3764 3 8 9 19 20 16 64
3771 9 4 10 12 17 19 29 34 44 54 6 6 12 11 3 9 14 3 36
3779 1 2 100
3789 8 7 14 22 27 31 33 41 42 10 10 13 9 2 14 20 22
3790 3 3 12 14 1 11 88
3793 7 2 11 21 27 36 44 48 10 12 10 10 13 14 31
3796 8 0 9 15 17 20 21 25 28 3 0 8 5 21 11 0 52
3803 6 3 12 17 25 31 41 13 17 13 5 9 43
3811 9 0 4 9 10 12 19 21 24 32 6 8 0 4 5 2 15 19 41
3821 5 2 5 15 19 23 17 15 1 0 67
3827 10 7 16 22 30 36 43 47 48 55 63 5 9 9 1 12 2 15 15 8 24
3836 3 7 15 22 17 32 51
3843 3 6 7 17 25 5 70
3844 5 6 10 19 24 29 14 12 1 34 39
3850 8 7 17 18 24 28 30 34 36 5 8 1 11 9 12 14 40
3853 6 6 11 19 23 26 36 14 13 5 14 23 31
3857 8 7 12 16 19 21 23 32 36 7 0 13 12 0 20 5 43
3865 9 7 13 22 26 29 37 42 52 60 7 10 3 11 11 9 14 2 33
3871 6 9 16 22 31 39 47 12 5 11 1 14 57
3878 6 3 4 10 11 21 22 11 6 18 6 25 34
3885 1 9 100
3893 4 2 3 4 11 23 16 23 38
3895 3 1 6 12 28 28 44
3900 5 4 11 17 22 23 4 5 16 4 71
3909 7 1 6 12 14 18 28 36 12 0 3 7 6 27 45
3916 5 0 3 10 12 20 1 22 0 28 49
3922 4 4 13 19 28 5 29 5 61
3924 7 1 8 11 12 22 32 33 7 10 5 17 15 18 28
3928 10 2 8 18 25 30 31 36 41 50 53 8 1 0 9 9 11 13 0 7 42
3933 5 7 12 14 23 29 1 2 0 12 85
3935 8 4 13 15 18 24 30 32 41 9 8 10 14 5 12 19 23
3936 7 3 7 17 25 31 38 39 4 10 2 10 22 10 42
3937 9 7 13 22 25 33 37 45 52 61 1 3 10 8 6 6 21 13 32
3938 1 6 100
3940 5 7 11 16 21 30 13 8 5 2 72
3941 7 0 9 13 18 22 24 30 3 16 8 13 20 20 20
3950 5 6 13 20 23 27 1 20 21 16 42
3957 4 2 3 4 13 22 7 0 71
3964 6 5 14 19 27 35 45 10 5 5 2 39 39
3966 8 1 5 8 14 23 25 35 36 0 1 16 11 18 13 12 29
3972 6 4 12 16 26 36 38 10 15 0 19 25 31
3975 4 2 7 17 23 17 23 12 48
3977 5 8 16 19 25 31 10 10 21 20 39
3983 1 7 100
3984 6 3 7 9 16 24 25 2 19 2 7 7 63
3991 1 3 100
4001 8 9 18 22 31 34 39 47 57 1 3 8 10 1 2 23 52
4005 6 3 6 7 12 16 18 16 11 9 6 28 30
4007 6 5 11 21 23 31 34 3 13 11 24 16 33
4016 9 2 11 21 25 35 44 49 50 60 8 2 5 4 8 11 3 15 44
4020 2 6 15 49 51
4029 9 2 5 11 18 24 30 35 42 50 3 10 11 2 11 1 12 10 40
4032 10 4 10 17 25 31 32 39 47 48 58 6 6 4 6 2 13 13 14 15 21
4033 5 4 6 16 17 25 17 16 16 6 45
4043 7 4 14 16 22 26 36 41 13 13 14 10 14 8 28
4045 9 4 11 20 28 36 44 51 60 62 1 7 10 10 4 3 10 7 48
4054 4 1 5 6 9 17 3 6 74
4059 3 3 13 17 6 13 81
4061 7 2 9 15 17 22 28 36 13 1 3 5 17 9 52
4065 7 6 11 12 19 20 26 33 4 9 11 5 18 11 42
4071 3 0 1 3 3 47 50
4076 6 4 9 15 17 19 22 13 5 17 16 6 43
4080 3 1 4 14 32 3 65
4087 5 2 11 13 16 24 11 2 29 21 37
4091 5 7 14 18 19 22 13 20 22 19 26
4098 1 9 100
4106 4 5 14 21 31 16 3 17 64
4108 10 1 8 15 23 33 43 48 49 51 53 10 2 2 4 7 2 1 13 1 58
4109 7 6 15 17 26 35 43 49 6 10 4 16 8 22 34
4117 8 4 14 19 23 30 35 40 48 5 12 8 6 15 11 17 26
4118 4 5 11 18 19 3 14 14 69
4126 3 3 9 16 33 23 44
4132 6 1 9 16 19 22 32 12 7 7 18 18 38
4136 5 5 11 17 26 33 5 11 9 25 50
4145 9 4 12 19 22 26 35 38 41 42 3 9 7 7 7 1 18 21 27
4149 6 7 13 19 22 29 38 10 4 4 0 13 69
4153 7 7 14 23 26 28 36 46 9 10 6 2 13 9 51
4161 10 4 9 19 27 28 31 41 44 49 50 3 8 10 9 9 2 13 14 10 22
4163 6 6 14 15 18 19 20 6 10 13 6 12 53
4165 3 5 15 17 23 31 46
4168 3 2 3 9 26 0 74
4173 4 5 11 15 18 2 11 19 68
4174 5 1 9 15 21 25 19 3 15 29 34
4177 3 8 11 13 1 26 73
4182 1 3 100
4185 6 2 10 17 18 23 26 5 10 0 15 16 54
4191 1 10 100
4195 10 6 16 23 24 25 29 35 39 42 48 5 3 9 3 7 4 5 6 22 36
4204 1 1 100
4206 5 4 14 22 23 25 9 12 5 4 70
4209 4 5 6 8 9 18 8 31 43
4215 9 4 6 14 17 26 33 42 50 53 4 0 4 2 15 17 15 19 24
4223 2 3 9 45 55
4224 9 8 17 24 25 32 39 41 49 56 11 9 1 6 6 10 2 15 40
4231 5 7 16 17 27 29 1 17 13 20 49
4234 8 9 13 20 23 24 26 29 30 12 0 2 5 3 1 35 42
4244 4 5 6 12 15 20 3 26 51
4252 8 9 12 20 23 26 36 43 52 11 3 6 15 4 14 21 26
4256 8 3 4 14 21 31 35 45 53 2 5 12 15 8 14 5 39
4263 8 8 10 18 24 30 35 41 50 3 11 9 14 13 15 5 30
4268 8 4 14 19 24 32 36 41 43 1 5 10 12 6 1 21 44
4277 7 7 12 22 29 34 39 40 12 12 5 5 11 19 36
4282 3 8 17 19 33 20 47
4286 2 3 8 49 51
4291 1 8 100
4292 1 3 100
4298 10 1 3 5 11 13 16 24 29 33 42 2 3 7 5 9 8 14 10 17 25
4304 1 3 100
4305 7 3 9 11 12 21 26 35 12 8 14 6 20 10 30
4309 10 2 10 20 25 35 37 41 48 57 61 0 0 4 1 0 11 12 7 5 60
4316 4 3 6 9 16 21 4 26 49
4321 9 1 8 11 16 23 30 34 44 51 11 4 5 4 9 11 16 13 27
4326 8 6 14 21 23 33 39 49 52 9 11 3 4 8 7 7 51
4335 6 5 15 24 26 30 38 9 15 13 8 4 51
4341 8 6 14 21 25 32 35 36 41 5 3 10 10 4 22 11 35
4347 9 2 12 16 18 23 33 40 44 47 1 5 8 3 9 2 20 5 47
4349 10 9 14 15 17 19 20 28 33 39 49 0 6 3 10 0 2 8 21 0 50
4356 2 8 18 15 85
4358 10 5 9 10 13 14 17 22 27 35 40 1 2 10 7 7 1 10 8 19 35
4359 1 1 100
4361 3 9 12 18 13 14 73
4363 8 5 10 18 26 35 39 44 47 1 0 0 7 3 11 18 60
4369 10 7 14 22 28 32 34 38 46 51 53 0 3 12 1 0 11 11 7 13 42
4376 8 0 7 13 23 29 32 37 47 11 8 10 2 13 15 15 26
4385 8 2 11 13 16 19 24 30 33 10 12 13 11 2 14 19 19
4387 8 4 13 21 23 28 35 41 50 11 4 13 4 0 20 15 33
4388 4 1 7 8 10 8 29 31 32
4394 4 8 15 22 24 24 20 0 56
4396 4 2 4 10 12 24 3 36 37
4399 7 6 9 17 24 25 31 41 14 10 4 5 13 27 27
4405 10 2 5 10 12 17 24 25 26 32 34 4 0 4 13 10 3 7 5 3 51
4415 8 8 9 17 19 21 30 33 41 7 8 10 1 5 12 13 44
4420 5 1 3 12 14 21 14 1 19 31 35
4424 2 1 9 0 100
4425 5 6 10 15 19 20 6 3 20 32 39
4435 9 9 10 15 19 28 33 39 48 54 7 4 12 6 1 3 15 7 45
4439 5 6 7 11 21 31 20 18 5 1 56
4444 1 5 100
4453 3 3 4 8 8 29 63
4462 9 8 13 14 19 25 26 34 41 43 9 4 6 10 14 10 2 22 23
4471 9 8 18 23 31 40 48 57 60 64 5 3 5 8 9 5 19 20 26
4472 10 4 14 18 22 27 37 41 44 45 51 9 10 10 8 1 10 1 2 18 31
4478 8 5 13 16 18 19 27 37 45 12 10 11 4 2 19 9 33
4486 4 2 6 13 21 21 8 5 66
4493 7 5 7 11 17 23 30 35 6 2 4 22 12 1 53
4495 8 0 5 12 16 20 29 38 40 5 10 12 5 13 13 21 21
4500 10 3 10 14 23 26 30 37 47 54 63 1 5 6 1 13 8 14 15 13 24
4504 3 9 17 20 3 35 62
4506 6 5 12 14 24 28 38 0 1 18 11 17 53
4514 4 1 3 8 13 7 12 38 43
4522 9 2 6 15 25 33 42 52 58 59 6 11 5 8 9 6 10 18 27
4528 8 6 13 14 24 31 41 45 49 5 13 4 3 14 15 20 26
4535 10 8 12 17 27 33 42 43 47 53 63 7 8 3 2 7 10 8 3 24 28
4541 5 5 6 12 13 22 17 8 9 18 48
4542 1 1 100
4543 10 8 16 20 24 26 31 38 40 49 56 5 8 3 7 8 2 4 6 18 39
4547 3 8 11 13 3 16 81
4557 6 2 9 15 18 21 25 15 0 11 21 9 44
4563 4 7 8 9 17 8 0 26 66
4572 4 8 15 23 30 24 3 4 69
4577 4 4 12 19 24 10 6 27 57
4586 1 3 100
4591 3 0 1 11 13 36 51
4601 1 8 100
4610 3 6 15 19 6 34 60
4611 8 6 9 19 28 32 33 34 39 7 4 13 8 12 5 14 37
4613 10 8 17 19 21 28 36 45 48 58 60 0 9 2 3 3 7 0 16 16 44
4620 7 3 13 16 24 27 28 29 7 15 6 12 6 5 49
4623 6 0 10 16 26 33 43 14 14 15 9 24 24
4627 9 3 6 11 13 17 19 28 33 35 11 9 2 2 12 4 10 14 36
4636 6 2 10 11 18 21 23 13 12 16 18 5 36
4641 7 4 14 24 32 40 46 47 8 9 2 9 11 14 47
4649 1 10 100
4658 9 0 8 16 25 26 27 33 35 38 1 6 10 6 4 3 23 3 44
4668 5 7 8 17 22 29 10 4 5 6 75
4669 10 2 5 13 16 20 23 25 31 40 42 0 7 8 2 7 4 18 16 3 35
4670 4 4 8 18 23 21 3 26 50
4672 9 5 12 20 24 33 35 38 47 56 9 9 11 7 9 10 0 16 29
4680 10 3 8 10 11 21 27 28 34 40 48 10 7 9 6 0 0 4 16 8 40
4685 7 8 14 24 32 34 37 40 3 5 13 14 21 22 22
4689 9 6 8 18 21 30 35 44 48 58 10 2 6 6 7 8 8 10 43
4696 8 5 8 14 23 29 30 35 40 0 11 7 12 9 8 20 33
4698 1 3 100
4701 3 8 11 20 7 31 62
4707 6 4 8 16 26 32 41 11 15 8 13 0 53
4712 1 2 100
4718 4 5 6 9 12 4 25 26 45
4720 3 8 17 21 22 2 76
4730 3 5 11 15 7 34 59
4732 5 5 10 19 24 33 12 2 27 20 39
4736 3 0 9 17 25 24 51
4745 3 8 15 21 24 34 42
4746 7 5 13 16 18 27 37 46 5 3 6 18 11 24 33
4753 3 4 10 16 17 1 82
4758 8 2 11 13 18 22 27 34 41 7 8 9 5 1 11 17 42
4762 5 0 8 17 22 28 9 6 28 14 43
4764 5 9 18 20 29 33 14 9 0 2 75
4766 1 8 100
4776 3 3 7 8 10 4 86
4785 10 8 13 23 31 38 45 48 54 60 65 9 5 2 2 8 6 17 3 6 42
4786 8 0 2 3 5 13 14 23 30 12 8 13 1 15 13 14 24
4796 5 4 7 14 22 32 9 15 4 30 42
4805 10 0 10 18 26 33 42 44 45 49 51 5 9 7 1 6 10 11 13 2 36
4807 6 6 16 23 30 31 41 4 13 12 22 8 41
4808 8 4 5 9 13 15 23 29 37 6 4 1 6 4 2 36 41
4817 5 9 15 17 21 23 19 3 13 17 48
4824 1 9 100
4832 2 6 8 29 71
4842 3 8 14 23 25 12 63
4852 8 2 6 14 21 22 25 29 39 9 5 7 0 1 20 3 55
4861 6 2 12 21 31 40 45 16 2 18 9 0 55
4871 4 6 9 17 24 18 10 32 40
4878 9 3 5 9 11 18 28 30 32 33 2 10 7 7 6 12 17 8 31
4882 9 7 9 10 17 23 26 31 37 47 1 3 1 5 15 16 9 17 33
4890 10 2 11 17 18 24 31 34 43 51 56 0 8 5 4 6 4 6 8 26 33
4894 7 8 17 21 24 25 28 38 0 13 0 0 20 17 50
4897 2 9 14 10 90
4898 8 0 1 9 11 20 27 36 41 4 11 14 14 11 13 15 18
4908 5 5 14 23 26 36 0 18 17 6 59
4909 8 8 13 20 25 31 40 43 45 8 2 10 16 4 14 4 42
4916 10 9 15 17 20 25 35 42 52 58 63 10 2 5 11 10 10 0 1 3 48
4926 6 4 5 6 8 9 13 2 9 9 8 30 42
4934 3 3 13 19 24 15 61
4940 10 4 9 15 23 28 32 37 39 41 49 3 6 10 3 1 2 13 7 2 53
4947 1 9 100
4953 7 8 14 15 24 25 28 34 5 2 13 11 0 24 45
4958 9 0 8 16 21 27 37 39 49 55 9 1 5 12 3 12 0 6 52
4960 4 2 11 16 22 11 10 4 75
4961 1 10 100
4970 8 5 9 15 24 30 36 43 46 9 1 8 1 16 2 2 61
4978 5 3 12 17 23 28 5 23 4 23 45
4987 1 10 100
4995 3 3 13 17 7 8 85
5001 10 6 15 25 31 40 45 49 52 60 64 5 2 0 6 4 3 15 10 17 38
5005 1 8 100
5015 1 3 100
5020 3 0 4 10 30 32 38
5029 3 9 13 22 15 40 45
5039 5 9 17 27 33 41 3 7 9 12 69
5040 8 4 14 21 23 32 40 42 47 1 8 7 14 9 7 13 41
5043 8 2 11 16 19 26 31 33 39 7 0 6 15 1 7 23 41
5052 9 0 10 20 28 38 43 47 57 64 6 5 11 7 11 15 7 19 19
5059 5 3 4 13 14 18 10 22 3 1 64
5061 8 8 11 19 25 28 34 42 49 4 4 6 6 9 1 31 39
5068 10 2 10 12 13 15 20 26 27 31 38 0 6 10 9 5 7 11 3 23 26
5075 10 0 10 16 17 23 31 32 33 42 44 1 9 8 10 7 5 8 3 10 39
5083 4 8 13 21 31 12 17 25 46
5087 6 0 4 8 15 20 27 11 0 19 1 22 47
5088 10 5 11 18 19 20 28 29 37 43 47 0 5 0 8 0 17 6 10 8 46
5089 3 0 7 14 25 19 56
5098 8 1 3 11 21 29 32 42 50 11 2 13 5 6 19 3 41
5102 5 1 3 6 7 13 6 4 12 15 63
5109 2 2 8 10 90
5113 2 0 1 48 52
5120 2 3 12 2 98
5125 10 1 9 10 17 24 32 37 45 46 55 8 10 5 9 4 6 2 14 8 34
5134 7 1 9 17 23 33 41 44 8 10 9 7 2 7 57
5135 6 0 7 16 20 21 26 6 16 14 20 4 40
5139 7 5 12 17 22 31 35 42 12 11 10 1 0 17 49
5144 6 7 13 15 18 28 38 15 12 11 8 24 30
5154 5 7 16 20 21 31 8 1 12 2 77
5155 3 9 16 26 31 14 55
5164 1 9 100
5166 5 6 9 17 26 35 8 4 17 4 67
5173 10 9 17 20 26 27 32 33 39 45 49 0 8 11 3 2 13 14 2 18 29
5183 4 0 9 19 28 14 13 6 67
5185 8 6 12 19 25 35 39 46 53 5 12 7 12 16 12 10 26
5188 5 7 8 16 19 29 15 9 5 10 61
5195 10 4 10 11 18 27 30 32 38 39 44 6 1 4 1 7 9 6 14 20 32
5205 9 5 9 12 18 22 30 32 35 37 4 6 1 7 13 17 2 0 50
5213 5 1 2 4 8 16 10 21 5 22 42
5221 2 7 8 27 73
5229 2 6 16 20 80
5236 5 3 5 10 11 21 4 14 11 9 62
5241 10 1 7 16 26 29 37 40 44 52 62 3 5 0 4 5 0 15 1 16 51
5248 9 1 10 19 22 24 32 39 45 51 0 1 6 9 0 16 2 29 37
5255 6 8 15 16 23 24 27 15 6 14 19 6 40
5262 7 6 8 15 17 22 32 35 14 3 15 13 13 13 29
5268 5 8 17 23 26 30 2 24 10 4 60
5273 2 3 12 13 87
5282 2 2 6 19 81
5284 5 0 5 9 10 15 20 15 12 6 47
5293 4 2 4 10 11 11 27 26 36
5297 1 4 100
5299 9 5 14 18 20 30 33 38 48 54 3 0 3 15 12 11 14 21 21
5306 9 9 15 22 23 30 37 43 49 52 8 0 12 1 0 10 10 16 43
5309 7 9 19 27 36 42 47 50 10 11 6 7 8 24 34
5315 3 4 5 12 31 26 43
5324 1 6 100
5331 9 1 10 11 15 25 33 37 41 44 3 6 13 10 9 5 1 6 47
5332 4 7 8 11 21 13 19 3 65
5334 1 1 100
5339 7 3 6 14 17 24 32 38 8 3 9 13 8 11 48
5343 6 5 7 17 22 30 38 11 11 5 6 0 67
5353 4 5 11 19 22 19 23 18 40
5358 1 10 100
5368 8 2 4 10 17 18 23 28 36 4 9 4 6 6 1 21 49
5369 9 7 9 15 24 32 40 41 44 47 3 11 7 2 9 15 12 0 41
5375 7 4 13 22 28 32 41 51 14 14 6 1 11 9 45
5383 4 5 14 17 25 13 18 2 67
5390 2 1 8 43 57
5395 9 6 8 16 22 29 30 40 45 53 9 0 8 13 9 9 4 3 45
5397 4 7 8 16 17 8 9 14 69
5404 3 7 11 12 26 19 55
5414 8 4 5 11 18 20 27 36 44 6 5 0 10 16 6 24 33
5415 10 3 11 18 21 29 33 38 40 45 49 6 4 0 3 1 3 20 3 14 46
5424 2 7 17 11 89
5433 1 8 100
5442 8 4 11 17 20 28 32 41 44 0 13 8 7 16 10 8 38
5452 8 0 6 12 21 22 30 36 37 10 9 3 1 14 10 21 32
5462 4 4 5 15 16 25 2 6 67
5468 8 5 7 9 13 19 20 22 25 7 12 4 13 12 2 23 27
5474 8 7 17 25 27 33 39 49 52 6 2 13 1 11 11 28 28
5484 4 2 7 16 21 13 10 25 52
5486 10 3 13 16 26 27 34 40 44 53 54 3 9 0 0 10 3 8 13 2 52
5490 3 6 15 21 3 8 89
5493 7 1 3 7 11 12 19 29 0 3 9 0 22 12 54
5499 7 7 12 16 20 25 30 34 3 16 14 15 11 2 39
5504 7 1 8 12 15 24 30 32 9 12 2 4 15 19 39
5509 6 8 14 18 22 30 33 2 1 6 27 18 46
5512 3 8 10 12 20 28 52
5517 2 7 9 50 50
5522 3 1 8 18 21 19 60
5529 1 10 100
5533 1 6 100
5539 4 3 11 18 28 19 4 0 77
5543 1 7 100
5553 4 3 4 5 8 4 12 9 75
5563 4 3 9 14 21 22 8 24 46
5564 6 9 19 26 33 35 36 2 2 23 10 21 42
5572 9 7 13 20 21 22 32 40 48 54 0 5 8 2 7 0 10 31 37
5573 9 0 10 15 16 19 20 30 34 42 4 8 2 8 11 7 17 13 30
5579 1 6 100
5581 7 6 11 12 21 31 36 45 8 13 11 5 4 2 57
5588 6 8 11 13 18 20 25 10 17 10 16 17 30
5593 10 7 15 19 22 30 36 44 48 56 61 10 3 0 10 12 4 13 10 10 28
5601 8 6 11 15 21 25 26 27 33 7 1 10 16 14 5 18 29
0
