(0, 9)
(0, 4)
(3, 4)
(5, 9)
(5, 7)
(5, 6)
(5, 5)
(0, 9)
(0, 4)
(3, 4)
(4, 4)
(5, 9)
(5, 7)
(5, 6)
(5, 5)
(6, 6)
(0, 9)
(5, 9)
(5, 7)
(5, 6)
(7, 7)
(0, 9)
(0, 4)
(0, 2)
(2, 2)
(3, 4)
(0, 9)
(0, 4)
(3, 4)
(4, 4)
(5, 9)
(5, 7)
(5, 6)
(0, 9)
(0, 4)
(3, 4)
(5, 9)
(5, 7)
(5, 6)
(5, 5)
(0, 9)
(5, 9)
(5, 7)
(0, 9)
(0, 4)
(3, 4)
(4, 4)
(5, 9)
(5, 7)
(5, 6)
(0, 9)
(0, 4)
(0, 2)
(2, 2)
(3, 4)
(3, 3)
(4, 4)
(0, 9)
(0, 4)
(3, 4)
(4, 4)
(5, 9)
(5, 7)
(5, 6)
Case #1: 4
(0, 8)
(0, 4)
(3, 4)
(0, 8)
(0, 4)
(3, 4)
(4, 4)
(5, 8)
(5, 6)
(5, 5)
(0, 8)
(5, 8)
(5, 6)
(5, 5)
(6, 6)
(0, 8)
(0, 4)
(0, 2)
(2, 2)
(3, 4)
(3, 3)
(0, 8)
(0, 4)
(3, 4)
(4, 4)
(5, 8)
(5, 6)
(5, 5)
(0, 8)
(0, 4)
(3, 4)
(3, 3)
(4, 4)
(0, 8)
(5, 8)
(5, 6)
(0, 8)
(0, 4)
(3, 4)
(4, 4)
(5, 8)
(5, 6)
(5, 5)
(0, 8)
(0, 4)
(0, 2)
(2, 2)
(3, 4)
(3, 3)
(0, 8)
(0, 4)
(3, 4)
(4, 4)
(5, 8)
(5, 6)
(5, 5)
Case #2: 5
(0, 7)
(0, 3)
(2, 3)
(2, 2)
(0, 7)
(0, 3)
(2, 3)
(2, 2)
(0, 7)
(0, 3)
(2, 3)
(3, 3)
(0, 7)
(4, 7)
(4, 5)
(5, 5)
(0, 7)
(4, 7)
(4, 5)
(5, 5)
(0, 7)
(0, 3)
(2, 3)
(3, 3)
(0, 7)
(4, 7)
(4, 5)
(4, 4)
(0, 7)
(4, 7)
(4, 5)
(4, 4)
(0, 7)
(0, 3)
(2, 3)
(2, 2)
(0, 7)
(4, 7)
(4, 5)
(5, 5)
(0, 7)
(4, 7)
(4, 5)
(5, 5)
(0, 7)
(0, 3)
(2, 3)
(2, 2)
(0, 7)
(0, 3)
(2, 3)
(2, 2)
(0, 7)
(0, 3)
(2, 3)
(2, 2)
Case #3: 5
(0, 7)
(0, 3)
(2, 3)
(3, 3)
(0, 7)
(0, 3)
(2, 3)
(2, 2)
(0, 7)
(4, 7)
(4, 5)
(4, 4)
(0, 7)
(0, 3)
(2, 3)
(3, 3)
(0, 7)
(4, 7)
(4, 5)
(5, 5)
(0, 7)
(4, 7)
(4, 5)
(4, 4)
(0, 7)
(0, 3)
(2, 3)
(2, 2)
(0, 7)
(4, 7)
(4, 5)
(4, 4)
(0, 7)
(4, 7)
(4, 5)
(5, 5)
(0, 7)
(4, 7)
(4, 5)
(4, 4)
Case #4: 4
